100
3263 62970 1
9481 668314 4
2791 674701 5
1002 914907 8
852 514597 2
2684 313879 3
1033 109791 2
8429 327368 2
5759 165757 6
0 1000000000000000000 1
3376 156586 6
0 1000000000000000000 1000000000
1396 974496 5
490 499674 1
121 121 11
5303 577653 4
4153 196591 1
5811 811662 1
2433 588437 7
6574 530230 2
22322 22322 1
1363 123520 8
1616 875376 6
5579 763362 2
7977 626769 9
1516 476245 5
2789 205886 5
8621 305784 1
999 99999 78788
6673 645665 9
6916 519450 6
3976 759716 7
2228 961000 6
5992 237133 9
9325 343906 8
1000000000 1000000000000000000 1
7558 716225 8
4766 385349 3
5630 555906 6
8989 909410 5
7668 468727 8
10 22322 2
5541 34105 7
8145 485026 9
2519 171840 3
9597 30751 2
1925 194236 4
9628 221919 9
400 793131 4
2590 45700 5
5230 55195 9
39 1000000 3
8135 346033 4
1813 539974 3
6153 882984 8
9385 146808 1
7597 115191 5
4401 792858 5
3491 376189 1
4945 279540 7
7243 39232 6
5649 246089 1
8984 321196 7
4131 988357 1
2965 769993 4
886 56750 8
3748 207521 4
9332 549970 6
1209 371972 7
9523 81976 5
1712 931656 3
646 753992 3
1108 708286 6
378 659223 5
2035 587687 6
6311 744038 5
3725 832955 1
2428 914457 2
8892 186601 5
7075 952308 3
2851 217912 4
0 132 1
8764 690922 4
100000 1000000000000000000 3
5272 393026 2
21345 4441283 13
3901 458931 4
0 100 2
121 132 1
121 131 1
2871 611476 1
3286 977701 4
7800 282033 2
2739 884729 5
8129 512819 4
9352 507517 9
1056 45030 4
6366 921028 2
34432 9999920 222
9929 160753 4
